#pos	entropy	A	C	D	E	F	G	H	I	K	L	M	N	P	Q	R	S	T	V	W	Y	gapped
0	1.4221446901293553	19	0	0	2	0	53	0	0	2	0	0	0	0	23	0	5	2	0	0	0	True
1	1.1758183442067645	0	0	28	14	0	0	0	0	0	0	1	1	0	60	0	0	2	0	0	0	True
2	1.5874313253763745	0	0	1	0	0	0	0	0	25	3	0	1	1	36	2	33	2	0	3	0	True
3	0.3153962874226617	4	0	0	0	0	4	0	0	0	0	0	0	0	0	0	0	0	100	0	0	False
4	1.7036202300728667	0	0	1	22	0	0	0	5	6	0	0	0	0	26	9	2	36	1	0	0	False
5	0.30570650698257745	0	0	0	6	0	0	0	0	0	0	0	0	0	100	0	0	2	0	0	0	False
6	1.859197916659048	0	0	0	0	0	0	3	0	2	2	4	6	10	1	5	45	22	6	0	0	True
7	0.23630090758818018	0	0	0	0	0	0	0	0	0	0	0	0	1	2	0	2	0	0	0	0	True
8	1.4724131554614661	0	0	12	19	0	0	0	0	0	4	0	0	54	13	0	3	0	0	3	0	False
9	1.961470339953253	23	0	2	14	0	23	0	0	0	0	0	0	10	14	0	16	4	0	2	0	False
10	1.8390338608324597	12	0	0	0	0	0	8	1	0	8	0	1	3	12	9	45	9	0	0	0	False
11	1.0867841704755743	1	0	0	0	0	3	0	3	0	62	2	0	1	0	0	0	1	35	0	0	False
12	1.4510250261502784	3	0	0	2	0	0	0	8	0	0	1	0	0	0	1	32	46	15	0	0	False
13	1.0860864866105702	1	0	0	0	0	0	0	3	0	38	0	0	0	0	3	5	0	58	0	0	False
14	2.0253240552344884	0	0	0	0	2	0	5	0	0	0	2	0	12	28	9	27	9	2	9	3	False
15	0.30510487589296165	0	0	0	101	0	0	0	0	1	0	0	0	0	3	0	0	0	0	3	0	False
16	0.6745059355304776	1	0	3	4	0	92	0	0	3	0	0	2	0	0	0	3	0	0	0	0	False
17	1.803804726406512	20	0	18	36	0	8	0	0	3	8	0	0	0	1	0	1	13	0	0	0	False
18	2.0809762209863436	0	0	5	5	10	1	0	1	1	0	13	18	8	0	1	31	13	0	0	0	True
19	1.443720765347616	41	2	0	0	0	0	0	0	0	29	0	0	0	0	0	8	4	24	0	0	False
20	2.3137562180071445	6	0	0	16	7	1	1	13	1	1	7	1	0	9	1	15	20	9	0	0	False
21	0.9756976863668637	0	0	0	0	1	0	0	22	0	72	6	0	0	0	0	0	0	7	0	0	False
22	1.527107008188171	0	0	8	0	0	0	4	3	0	0	0	54	1	15	19	1	3	0	0	0	False
23	0.0	0	108	0	0	0	0	0	0	0	0	0	0	0	0	0	0	0	0	0	0	False
24	1.390037758638198	0	0	1	0	0	0	0	0	9	0	0	21	0	0	0	30	44	3	0	0	False
25	0.8514183747147872	0	0	0	0	25	0	2	1	0	0	0	0	0	0	0	5	0	0	0	75	False
26	1.3095473439632725	1	0	0	22	0	0	0	0	6	0	0	0	0	8	0	58	13	0	0	0	False
27	1.6804090474726907	5	0	27	0	0	0	0	6	0	0	0	8	0	0	0	7	43	2	0	10	False
28	0.4304677738156948	3	0	0	0	0	0	0	2	0	0	0	0	0	0	0	0	6	0	0	0	True
29	0.12693054534140227	0	0	0	0	0	0	0	0	0	0	0	0	0	0	0	3	0	0	0	0	True
30	1.8959374482842732	3	0	1	0	3	4	0	5	3	0	0	0	3	2	8	43	22	0	0	11	False
31	2.230459179965837	28	0	3	3	0	15	0	2	0	7	4	9	2	6	0	9	18	1	1	0	False
32	1.9173056944362272	1	0	4	0	14	1	0	0	0	0	0	2	0	0	0	22	13	5	0	18	True
33	2.241972568239234	2	0	12	0	3	0	0	3	1	3	0	17	29	9	3	7	13	3	0	3	False
34	0.3774249264577938	0	0	0	2	0	0	0	0	0	0	0	0	0	0	0	0	0	0	0	9	True
35	2.001481115172509	9	1	0	0	8	1	5	0	0	0	0	6	0	6	2	12	12	4	0	42	False
36	1.3341346908915417	0	0	0	0	34	0	0	8	0	47	6	0	0	0	0	0	0	13	0	0	False
37	1.7850121342010674	2	0	0	0	42	0	1	1	0	2	0	0	14	24	5	4	0	0	10	3	False
38	0.0	0	0	0	0	0	0	0	0	0	0	0	0	0	0	0	0	0	0	108	0	False
39	0.5054941766456584	0	0	0	0	22	0	0	0	0	0	0	0	0	0	0	0	0	0	0	86	False
40	1.7435913922737518	0	0	0	0	0	0	0	2	20	3	0	0	0	11	24	0	0	33	2	13	False
41	0.37524072865266245	0	0	0	0	0	0	4	0	2	0	0	0	0	99	3	0	0	0	0	0	False
42	2.1553206435595484	0	0	3	10	9	0	19	0	4	6	0	8	0	0	12	2	3	2	0	30	False
43	1.371280930246296	7	0	0	1	3	0	3	0	0	11	0	0	60	0	0	21	2	0	0	0	False
44	1.1581442457463815	0	0	1	1	0	69	1	0	0	1	0	8	0	0	18	9	0	0	0	0	False
45	1.6183124261892332	5	0	0	36	0	29	1	0	19	0	0	1	0	14	3	0	0	0	0	0	False
46	1.3469434086282117	9	0	0	9	0	55	0	0	0	0	0	1	0	0	9	25	0	0	0	0	False
47	0.9752169811964357	0	0	0	0	0	0	0	3	0	49	6	0	50	0	0	0	0	0	0	0	False
48	1.8621177253034202	14	0	0	6	0	0	3	7	15	0	2	0	0	35	2	0	1	23	0	0	False
49	1.7505389617464788	9	0	0	0	20	1	0	0	0	46	4	5	0	3	0	15	1	3	0	1	False
50	0.3726757453273951	0	0	0	0	0	0	0	5	0	98	0	0	0	0	0	0	0	5	0	0	False
51	1.5480974411490867	0	0	0	0	17	0	0	33	0	37	13	0	0	0	0	2	3	3	0	0	False
52	1.9009887599536541	6	0	5	0	0	0	1	0	31	5	0	0	0	3	11	22	0	2	0	22	False
53	1.940987513656145	3	0	0	0	0	2	0	34	0	9	0	9	0	9	0	11	0	19	0	12	False
54	2.2660953801951007	4	0	3	0	20	0	0	4	0	4	2	0	17	0	17	10	9	6	0	12	False
55	1.2487857743781767	0	0	0	0	0	0	2	0	4	2	0	0	7	2	3	69	18	0	0	0	True
56	2.0048242490321346	12	0	19	2	3	29	0	0	0	0	0	21	0	1	0	6	0	9	3	3	False
57	1.3064459768152565	0	0	13	0	0	3	0	0	6	0	0	20	0	0	0	2	1	0	0	1	True
58	2.3051974787013383	4	0	0	11	0	15	0	1	11	0	3	8	11	3	0	9	24	6	0	0	True
59	2.016407100624904	3	0	18	18	0	0	0	0	17	1	0	6	0	3	5	0	0	12	0	0	True
60	1.6331512780289048	0	0	0	5	0	0	0	4	44	0	0	6	0	0	15	0	0	12	0	0	True
61	1.8455839727690324	3	0	0	3	0	15	0	0	22	0	0	3	1	17	1	0	9	0	0	0	True
62	2.01222510191301	0	0	1	37	0	12	4	3	7	0	0	0	1	10	14	14	4	1	0	0	False
63	1.9595141566612562	0	0	10	16	0	6	8	0	0	0	0	16	0	0	0	29	8	15	0	0	False
64	1.2409047452817186	0	0	0	0	0	60	0	0	1	0	0	13	0	18	15	1	0	0	0	0	False
65	1.0064747302216381	0	0	0	1	0	40	4	0	1	0	0	0	0	0	59	3	0	0	0	0	False
66	1.0531147496144269	0	0	0	0	60	0	0	0	0	34	1	0	0	1	0	0	0	1	0	11	False
67	1.6435311568425348	2	0	0	27	0	0	7	2	7	0	0	0	0	0	5	12	45	0	0	1	False
68	1.4550343777969568	49	0	0	0	1	0	0	10	0	4	0	0	0	0	0	21	2	21	0	0	False
69	1.9246667363768704	4	0	0	12	11	0	11	0	0	12	0	3	0	0	0	4	42	6	0	3	False
70	1.352262118285638	4	0	0	0	39	0	0	0	0	40	0	0	0	0	0	0	10	0	0	15	False
71	1.778344554763912	3	0	23	0	0	0	8	2	0	0	0	40	0	9	1	12	0	10	0	0	False
72	1.0749823712595086	1	0	0	0	0	0	0	5	74	0	0	0	0	0	7	11	10	0	0	0	False
73	1.8500315086761419	15	0	2	8	0	6	0	0	26	0	0	4	3	0	10	34	0	0	0	0	False
74	1.983777564744603	11	0	11	28	1	2	0	0	3	4	0	9	0	0	1	27	11	0	0	0	False
75	0.12693054534140227	0	0	0	0	0	0	0	0	0	0	0	0	0	0	3	0	0	0	0	0	True
76	1.6976818034046903	0	0	0	0	0	1	0	0	30	15	0	0	0	5	13	29	15	0	0	0	False
77	1.5363797134265011	0	0	0	0	0	0	18	0	7	1	0	2	0	2	19	50	0	0	0	9	False
78	1.5391532406322874	0	0	0	0	42	1	0	9	0	15	0	0	0	0	0	29	2	10	0	0	False
79	1.1634009959176894	0	0	0	0	1	3	34	0	0	0	0	1	0	0	0	57	11	0	0	1	False
80	0.05256932631473862	0	0	0	0	0	0	0	0	0	107	0	0	1	0	0	0	0	0	0	0	False
81	1.6359600165645931	0	0	0	0	0	0	50	5	1	1	0	5	0	23	11	6	1	5	0	0	False
82	0.8635396805613995	0	0	0	0	0	0	0	65	35	8	0	0	0	0	0	0	0	0	0	0	False
83	1.5589917696694298	25	0	0	0	0	0	0	1	4	0	0	0	1	0	19	28	30	0	0	0	False
84	1.4107747240015498	23	0	28	4	0	2	1	0	0	0	0	0	1	0	0	47	1	0	1	0	False
85	1.5174115638266665	19	0	0	0	0	0	0	0	0	4	0	0	3	0	0	37	14	31	0	0	False
86	0.7775438559712653	0	0	0	0	0	0	18	0	0	4	0	0	0	82	2	2	0	0	0	0	False
87	1.751692781110704	2	3	0	15	0	0	0	12	0	19	0	0	40	0	0	0	5	0	12	0	False
88	1.5749574576273542	0	0	5	20	0	16	0	2	1	0	0	0	0	0	2	46	16	0	0	0	False
89	0.0	0	0	108	0	0	0	0	0	0	0	0	0	0	0	0	0	0	0	0	0	False
90	0.4064942677780464	2	0	0	0	0	0	0	0	0	0	0	0	0	0	0	97	8	0	1	0	False
91	0.5519322617147078	82	0	0	0	0	26	0	0	0	0	0	0	0	0	0	0	0	0	0	0	False
92	1.445613727623492	2	0	0	0	0	0	0	5	4	17	1	0	0	0	0	1	34	44	0	0	False
93	0.0	0	0	0	0	0	0	0	0	0	0	0	0	0	0	0	0	0	0	0	108	False
94	1.0684856298263472	0	0	0	0	63	0	1	2	0	21	0	0	0	0	0	0	0	0	0	21	False
95	0.0	0	108	0	0	0	0	0	0	0	0	0	0	0	0	0	0	0	0	0	0	False
