TRAV1*01	2	4	13	14	21	33	34	36	45	72	81	82	83	85	87
TRAV10*01	3	5	14	15	22	34	35	37	46	74	83	84	85	87	89
TRAV10D*01	3	5	14	15	22	34	35	37	46	74	83	84	85	87	89
TRAV10N*01	3	5	14	15	22	34	35	37	46	74	83	84	85	87	89
TRAV11*01	3	5	14	15	22	34	35	37	46	74	83	84	85	87	89
TRAV11D*01	3	5	14	15	22	34	35	37	46	74	83	84	85	87	89
TRAV12-1*01	3	5	14	15	22	35	36	38	47	75	84	85	86	88	90
TRAV12-2*01	3	5	14	15	22	34	35	37	46	74	83	84	85	87	89
TRAV12-3*01	3	5	14	15	22	35	36	38	47	75	84	85	86	88	90
TRAV12D-1*01	3	5	14	15	22	35	36	38	47	75	84	85	86	88	90
TRAV12D-2*01	3	5	14	15	22	34	35	37	46	74	83	84	85	87	89
TRAV12N-1*01	3	5	14	15	22	35	36	38	47	75	84	85	86	88	90
TRAV12N-2*01	3	5	14	15	22	34	35	37	46	74	83	84	85	87	89
TRAV12N-3*01	3	5	14	15	22	35	36	38	47	75	84	85	86	88	90
TRAV13-1*01	3	5	14	15	22	33	34	36	45	71	80	81	82	84	86
TRAV13-2*01	3	5	14	15	22	33	34	36	45	71	80	81	82	84	86
TRAV13-3*01	3	5	14	15	22	33	34	36	45	72	81	82	83	85	87
TRAV13-4/DV7*01	3	5	14	15	22	33	34	36	45	71	80	81	82	84	86
TRAV13-5*01	3	5	14	15	22	33	34	36	45	70	79	80	81	83	85
TRAV13D-1*01	3	5	14	15	22	33	34	36	45	71	80	81	82	84	86
TRAV13D-2*01	3	5	14	15	22	33	34	36	45	71	80	81	82	84	86
TRAV13D-3*01	3	5	14	15	22	33	34	36	45	72	81	82	83	85	87
TRAV13D-4*01	3	5	14	15	22	33	34	36	45	71	80	81	82	84	86
TRAV13N-1*01	3	5	14	15	22	33	34	36	45	71	80	81	82	84	86
TRAV13N-2*01	3	5	14	15	22	33	34	36	45	71	80	81	82	84	86
TRAV13N-3*01	3	5	15	16	23	34	35	37	46	73	82	83	84	86	88
TRAV13N-4*01	3	5	14	15	22	33	34	36	45	71	80	81	82	84	86
TRAV14-1*01	3	5	14	15	22	34	35	37	46	74	83	84	85	87	89
TRAV14-2*01	3	5	14	15	22	34	35	37	46	74	83	84	85	87	89
TRAV14-3*01	3	5	14	15	22	34	35	37	46	74	83	84	85	87	89
TRAV14D-1*01	3	5	14	15	22	34	35	37	46	74	83	84	85	87	89
TRAV14D-2*01	3	5	14	15	22	34	35	37	46	74	83	84	85	87	89
TRAV14D-3/DV8*01	3	5	14	15	22	34	35	37	46	74	83	84	85	87	89
TRAV14N-1*01	3	5	14	15	22	34	35	37	46	74	83	84	85	87	89
TRAV14N-2*01	3	5	14	15	22	34	35	37	46	74	83	84	85	87	89
TRAV14N-3*01	3	5	14	15	22	34	35	37	46	74	83	84	85	87	89
TRAV15-1/DV6-1*01	3	5	14	15	22	35	36	38	47	76	85	86	87	89	91
TRAV15-2/DV6-2*01	3	5	14	15	21	34	35	37	46	75	84	85	86	88	90
TRAV15D-1/DV6D-1*01	3	5	14	15	22	35	36	38	47	76	85	86	87	89	91
TRAV15D-2/DV6D-2*01	3	5	14	15	22	35	36	38	47	76	85	86	87	89	91
TRAV15N-1*01	3	5	14	15	22	35	36	38	47	76	85	86	87	89	91
TRAV15N-2*01	3	5	14	15	22	35	36	38	47	76	85	86	87	89	91
TRAV16*01	3	5	14	15	22	35	36	38	47	76	85	86	87	89	91
TRAV16D/DV11*01	3	5	14	15	22	35	36	38	47	76	85	86	87	89	91
TRAV16N*01	3	5	14	15	22	35	36	38	47	76	85	86	87	89	91
TRAV17*01	3	5	14	15	22	34	35	37	46	75	84	85	86	88	90
TRAV19*01	3	5	14	15	22	34	35	37	46	74	83	84	85	87	89
TRAV2*01	1	3	13	14	21	34	35	37	46	72	81	82	83	85	87
TRAV21/DV12*01	1	3	13	14	21	34	35	37	46	72	81	82	83	85	87
TRAV3-1*01	3	5	14	15	22	34	35	37	46	74	83	84	85	87	89
TRAV3-3*01	3	5	14	15	22	34	35	37	46	74	83	84	85	87	89
TRAV3-4*01	3	5	14	15	22	34	35	37	46	74	83	84	85	87	89
TRAV3D-3*01	3	5	14	15	22	34	35	37	46	74	83	84	85	87	89
TRAV3N-3*01	3	5	14	15	22	34	35	37	46	74	83	84	85	87	89
TRAV4-2*01	3	5	14	15	22	33	34	36	45	71	80	81	82	84	86
TRAV4-3*01	3	5	14	15	22	33	34	36	45	71	80	81	82	84	86
TRAV4-4/DV10*01	3	5	14	15	22	33	34	36	45	72	81	82	83	85	87
TRAV4D-3*01	3	5	14	15	22	33	34	36	45	71	80	81	82	84	86
TRAV4D-4*01	3	5	14	15	22	33	34	36	45	71	80	81	82	84	86
TRAV4N-3*01	3	5	14	15	22	33	34	36	45	71	80	81	82	84	86
TRAV4N-4*01	3	5	14	15	22	33	34	36	45	71	80	81	82	84	86
TRAV5-1*01	3	5	14	15	22	34	35	37	46	74	83	84	85	87	89
TRAV5N-4*01	3	5	14	15	22	34	35	37	46	74	83	84	85	87	89
TRAV6-1*01	3	5	14	15	22	34	35	37	46	74	83	84	85	87	89
TRAV6-2*01	3	5	14	15	22	34	35	37	46	74	83	84	85	87	89
TRAV6-3*01	3	5	14	15	22	34	35	37	46	74	83	84	85	87	89
TRAV6-4*01	3	5	14	15	22	34	35	37	46	74	83	84	85	87	89
TRAV6-5*01	3	5	14	15	22	34	35	37	46	74	83	84	85	87	89
TRAV6-6*01	3	5	14	15	22	36	37	39	48	76	85	86	87	89	91
TRAV6-7/DV9*01	3	5	14	15	22	34	35	37	46	74	83	84	85	87	89
TRAV6D-3*01	3	5	14	15	22	34	35	37	46	74	83	84	85	87	89
TRAV6D-4*01	3	5	14	15	22	34	35	37	46	74	83	84	85	87	89
TRAV6D-5*01	3	5	14	15	22	34	35	37	46	74	83	84	85	87	89
TRAV6D-6*01	3	5	14	15	22	36	37	39	48	76	85	86	87	89	91
TRAV6D-7*01	3	5	14	15	22	34	35	37	46	74	83	84	85	87	89
TRAV6N-5*01	3	5	14	15	22	34	35	37	46	74	83	84	85	87	89
TRAV6N-6*01	3	5	14	15	22	36	37	39	48	76	85	86	87	89	91
TRAV6N-7*01	3	5	14	15	22	34	35	37	46	74	83	84	85	87	89
TRAV7-1*01	3	5	14	15	22	34	35	37	46	73	82	83	84	86	88
TRAV7-2*01	3	5	14	15	22	34	35	37	46	73	82	83	84	86	88
TRAV7-3*01	3	5	14	15	22	34	35	37	46	73	82	83	84	86	88
TRAV7-4*01	3	5	14	15	22	34	35	37	46	73	82	83	84	86	88
TRAV7-5*01	3	5	14	15	22	34	35	37	46	73	82	83	84	86	88
TRAV7-6*01	3	5	14	15	22	34	35	37	46	73	82	83	84	86	88
TRAV7D-2*01	3	5	14	15	22	34	35	37	46	73	82	83	84	86	88
TRAV7D-3*01	3	5	14	15	22	34	35	37	46	73	82	83	84	86	88
TRAV7D-4*01	3	5	14	15	22	34	35	37	46	73	82	83	84	86	88
TRAV7D-5*01	3	5	14	15	22	34	35	37	46	73	82	83	84	86	88
TRAV7D-6*01	3	5	14	15	22	34	35	37	46	73	82	83	84	86	88
TRAV7N-4*01	3	5	14	15	22	34	35	37	46	73	82	83	84	86	88
TRAV7N-5*01	3	5	14	15	22	34	35	37	46	73	82	83	84	86	88
TRAV7N-6*01	3	5	14	15	22	34	35	37	46	73	82	83	84	86	88
TRAV8-1*01	3	5	14	15	22	33	34	36	45	73	82	83	84	86	88
TRAV8-2*01	3	5	14	15	22	33	34	36	45	73	82	83	84	86	88
TRAV8D-1*01	3	5	14	15	22	33	34	36	45	73	82	83	84	86	88
TRAV8D-2*01	3	5	14	15	22	33	34	36	45	73	82	83	84	86	88
TRAV8N-2*01	3	5	14	15	22	33	34	36	45	73	82	83	84	86	88
TRAV9-1*01	3	5	14	15	22	34	35	37	46	75	84	85	86	88	90
TRAV9-2*01	3	5	14	15	22	34	35	37	46	75	84	85	86	88	90
TRAV9-3*01	3	5	14	15	22	34	35	37	46	75	84	85	86	88	90
TRAV9-4*01	3	5	14	15	22	34	35	37	46	75	84	85	86	88	90
TRAV9D-1*01	3	5	14	15	22	34	35	37	46	75	84	85	86	88	90
TRAV9D-2*01	3	5	14	15	22	34	35	37	46	75	84	85	86	88	90
TRAV9D-3*01	3	5	14	15	22	34	35	37	46	75	84	85	86	88	90
TRAV9D-4*01	3	5	14	15	22	34	35	37	46	75	84	85	86	88	90
TRAV9N-2*01	3	5	14	15	22	34	35	37	46	75	84	85	86	88	90
TRAV9N-3*01	3	5	14	15	22	34	35	37	46	75	84	85	86	88	90
TRAV9N-4*01	3	5	14	15	22	34	35	37	46	75	84	85	86	88	90
