TRAV1-1*01	5	13	14	21	23	33	34	36	45	72	81	83	85	87
TRAV1-2*01	5	13	14	21	23	33	34	36	45	72	81	83	85	87
TRAV10*01	5	14	15	22	24	34	35	37	46	74	83	85	87	89
TRAV12-1*01	5	14	15	22	24	34	35	37	46	72	81	83	85	87
TRAV12-2*01	5	14	15	22	24	34	35	37	46	73	82	84	86	88
TRAV12-3*01	5	14	15	22	24	34	35	37	46	73	82	84	86	88
TRAV13-1*01	5	14	15	22	24	34	35	37	46	74	83	85	87	89
TRAV13-2*01	5	14	15	22	24	34	35	37	46	74	83	85	87	89
TRAV14/DV4*01	5	14	15	22	24	35	36	38	47	76	85	87	89	91
TRAV16*01	5	14	15	22	24	34	35	37	46	71	80	82	84	86
TRAV17*01	5	14	15	22	24	33	34	36	45	73	82	84	86	88
TRAV18*01	5	14	15	22	24	34	35	37	46	73	82	84	86	88
TRAV19*01	5	14	15	22	24	35	36	38	47	76	85	87	89	91
TRAV2*01	4	13	14	21	23	33	34	36	45	68	77	79	81	83
TRAV20*01	5	14	15	22	24	34	35	37	46	72	81	83	85	87
TRAV21*01	5	14	15	22	24	34	35	37	46	74	83	85	87	89
TRAV22*01	5	14	15	22	24	33	34	36	45	71	80	82	84	86
TRAV23/DV6*01	5	14	15	22	24	34	35	37	46	74	83	85	87	89
TRAV24*01	5	14	15	22	24	34	35	37	46	74	83	85	87	89
TRAV25*01	5	14	15	22	24	33	34	36	45	73	82	84	86	88
TRAV26-1*01	4	13	14	21	23	34	35	37	46	72	81	83	85	87
TRAV26-2*01	4	13	14	21	23	34	35	37	46	72	81	83	85	87
TRAV27*01	5	14	15	22	24	33	34	36	45	73	82	84	86	88
TRAV29/DV5*01	5	14	15	22	24	34	35	37	46	74	83	85	87	89
TRAV3*01	5	14	15	22	24	34	35	37	46	75	84	86	88	90
TRAV30*01	4	13	14	21	23	32	33	35	44	72	81	83	85	87
TRAV34*01	5	14	15	22	24	33	34	36	45	73	82	84	86	88
TRAV35*01	5	14	15	22	24	33	34	36	45	73	82	84	86	88
TRAV36/DV7*01	5	14	15	22	24	34	35	37	45	73	82	84	86	88
TRAV38-1*01	5	14	15	22	24	35	36	38	47	76	85	87	89	91
TRAV38-2/DV8*01	5	14	15	22	24	35	36	38	47	76	85	87	89	91
TRAV39*01	5	14	15	22	24	33	34	36	45	73	82	84	86	88
TRAV4*01	4	13	14	21	23	34	35	37	46	72	81	83	85	87
TRAV40*01	4	13	14	21	23	33	34	36	45	68	77	79	81	83
TRAV41*01	5	14	15	22	24	33	34	36	45	71	80	82	84	86
TRAV5*01	5	13	14	21	23	33	34	36	45	73	82	84	86	88
TRAV6*01	5	14	15	22	24	34	35	37	46	74	83	85	87	89
TRAV7*01	5	14	15	22	24	34	35	37	46	72	81	83	85	87
TRAV8-1*01	5	14	15	22	24	34	35	37	46	75	84	86	88	90
TRAV8-2*01	5	14	15	22	24	34	35	37	46	75	84	86	88	90
TRAV8-3*01	5	14	15	22	24	34	35	37	46	75	84	86	88	90
TRAV8-4*01	5	14	15	22	24	34	35	37	46	75	84	86	88	90
TRAV8-6*01	5	14	15	22	24	34	35	37	46	75	84	86	88	90
TRAV9-1*01	5	14	15	22	24	34	35	37	46	74	83	85	87	89
TRAV9-2*01	5	14	15	22	24	34	35	37	46	74	83	85	87	89
