#pos	entropy	A	C	D	E	F	G	H	I	K	L	M	N	P	Q	R	S	T	V	W	Y	gapped
0	2.0625977301102654	11	0	1	4	0	11	0	1	4	0	0	0	0	3	1	3	1	0	0	0	True
1	1.5584307997203157	0	0	7	3	0	0	0	1	3	3	0	4	0	23	0	1	0	0	0	0	False
2	1.989356910865725	3	0	1	6	0	0	0	0	5	1	0	4	0	11	1	11	2	0	0	0	False
3	1.072431377190776	0	0	0	0	0	1	0	3	3	4	0	0	1	0	0	1	0	32	0	0	False
4	1.6810111360531539	1	0	1	16	0	1	0	0	2	0	1	1	0	0	0	1	16	4	0	0	True
5	0.7644447201294169	0	0	0	1	1	0	1	0	1	1	0	0	0	37	0	0	3	0	0	0	False
6	2.1741093103159943	1	0	3	0	0	0	3	2	0	3	1	4	3	5	0	15	3	0	0	0	True
7	1.5698639039844589	0	0	3	5	0	1	0	0	0	1	0	1	25	4	0	3	1	0	0	0	True
8	2.2542143977132736	1	0	1	2	0	7	2	2	1	3	0	1	7	10	0	6	2	0	0	0	False
9	2.3155782938615426	5	0	1	5	4	1	4	0	0	1	0	1	5	4	0	10	3	0	0	1	False
10	1.35681385882772	0	0	0	0	1	0	0	3	0	21	8	0	0	1	0	0	0	11	0	0	False
11	2.113594326126852	1	0	2	1	2	1	2	6	0	1	0	3	1	0	1	16	7	1	0	0	False
12	1.5166845697921403	3	1	0	0	0	0	0	5	0	6	1	0	2	0	0	3	0	24	0	0	False
13	1.8917238243425167	2	0	0	0	2	0	1	0	0	1	0	1	5	19	2	8	1	2	0	1	False
14	0.2873643046809562	0	0	0	42	0	0	0	0	2	0	0	0	0	1	0	0	0	0	0	0	False
15	0.7625591591581307	3	0	0	3	0	36	0	0	2	0	0	0	0	0	1	0	0	0	0	0	False
16	1.7062638783809914	15	0	7	13	0	1	0	0	4	0	0	1	0	1	2	0	1	0	0	0	False
17	2.212671297785645	3	0	4	1	2	0	0	6	0	1	0	8	5	0	0	8	5	2	0	0	False
18	1.6694704742833761	7	1	0	0	1	0	0	1	0	9	0	0	0	0	0	6	1	18	0	1	False
19	1.9115546843553153	1	0	0	5	0	0	1	4	0	2	0	3	0	2	0	5	18	4	0	0	False
20	1.3272272832706151	0	0	0	0	2	0	0	13	0	22	4	0	0	0	0	0	1	3	0	0	False
21	1.8524825577565533	0	0	2	0	1	1	0	0	3	0	0	21	2	1	5	3	3	0	0	3	False
22	0.0	0	45	0	0	0	0	0	0	0	0	0	0	0	0	0	0	0	0	0	0	False
23	1.3634025914895487	2	0	1	0	0	0	0	0	0	0	0	15	0	0	0	9	17	1	0	0	False
24	0.8672635253025811	0	0	0	0	3	0	4	0	0	0	0	0	0	0	0	5	0	0	0	33	False
25	1.4723141466974843	0	0	3	4	0	0	0	0	1	0	0	1	1	3	0	24	8	0	0	0	False
26	1.8860741562822354	1	0	5	0	0	0	0	0	2	0	0	7	0	0	0	8	12	7	0	3	False
27	1.4509513050411857	0	0	0	0	0	2	0	3	0	0	0	0	0	0	2	23	5	0	0	1	True
28	2.3044886537101545	9	0	2	2	0	10	0	1	0	0	1	3	1	1	1	6	3	3	0	2	False
29	2.1065702628641856	1	0	0	0	11	2	0	3	0	4	0	2	3	0	0	11	4	1	0	3	False
30	0.6308757053986114	0	0	1	0	0	0	0	0	0	0	0	3	0	0	0	1	2	0	0	0	True
31	2.1586092833712227	1	0	6	1	0	0	0	0	0	0	0	6	8	3	2	4	2	2	0	10	False
32	1.7565409386538013	2	0	0	1	1	5	0	0	0	0	0	8	0	0	1	8	2	0	0	17	False
33	0.9673010031124877	0	0	0	0	8	0	0	3	0	31	0	0	0	0	0	0	0	2	1	0	False
34	1.8220290979803115	0	0	0	0	20	0	4	1	0	3	1	0	2	7	1	1	1	0	0	4	False
35	0.0	0	0	0	0	0	0	0	0	0	0	0	0	0	0	0	0	0	0	45	0	False
36	0.2873643046809562	0	0	0	0	2	0	0	0	0	1	0	0	0	0	0	0	0	0	0	42	False
37	1.4796584492244045	0	0	0	0	0	0	1	0	13	1	0	0	0	5	14	0	0	11	0	0	False
38	0.4231857178841727	0	0	0	1	0	0	1	0	1	0	0	0	0	41	0	0	0	0	1	0	False
39	2.178681808919226	0	0	6	7	3	0	4	1	2	1	0	3	4	0	1	1	0	0	0	12	False
40	1.4554052056430014	1	1	1	0	0	0	2	0	1	2	0	0	27	0	0	6	3	0	0	1	False
41	1.365845851005021	2	0	0	0	0	25	0	0	0	0	0	5	0	0	3	8	0	0	1	0	True
42	1.7684629139430388	1	1	0	8	0	6	0	0	14	0	1	0	0	8	6	0	0	0	0	0	False
43	1.4448659322517166	5	0	0	4	0	26	2	0	0	0	0	0	1	3	1	3	0	0	0	0	False
44	0.9593479999137454	0	0	0	0	0	0	0	1	0	16	3	0	25	0	0	0	0	0	0	0	False
45	1.8242144297568181	1	0	0	7	0	0	0	5	2	0	0	0	0	14	2	0	5	9	0	0	False
46	1.3800060459142118	1	0	0	0	14	0	2	0	0	21	0	1	0	0	0	4	0	0	0	2	False
47	0.6877800850459911	0	0	0	0	0	0	1	5	0	36	0	0	0	0	0	0	0	3	0	0	False
48	1.7344897403811619	0	0	0	0	6	0	0	14	0	13	5	0	0	1	0	2	2	2	0	0	False
49	2.4418809690296195	2	0	2	0	1	0	2	2	10	3	3	0	0	2	5	3	2	2	0	6	False
50	2.3242697266904226	2	0	0	1	0	4	1	10	0	8	3	2	0	3	1	1	1	2	0	6	False
51	2.481487923748913	1	0	0	2	3	1	0	2	0	5	1	1	1	2	5	4	7	3	0	7	False
52	1.5565369205115451	2	0	0	2	1	0	0	0	9	3	1	0	1	0	0	23	3	0	0	0	False
53	1.4786606786992036	4	0	0	1	1	4	0	0	0	0	0	2	0	0	1	1	1	0	0	3	True
54	1.8977441588099013	5	0	9	0	0	5	0	1	3	0	0	12	0	0	0	7	0	0	0	0	True
55	2.0835835654501054	0	0	2	4	0	15	0	0	1	0	2	1	1	5	0	1	4	2	0	0	True
56	2.065791768955827	1	0	4	6	0	1	0	1	1	6	0	1	0	4	2	1	0	0	0	1	True
57	2.0759893453447975	0	0	1	11	0	0	0	0	6	3	1	6	1	1	0	0	2	9	0	0	True
58	1.7379017685849296	3	0	0	6	0	2	0	0	23	0	0	1	0	2	1	1	2	2	0	0	True
59	2.214856629562151	0	0	1	7	0	6	1	1	7	0	0	1	0	6	2	6	6	0	0	0	True
60	2.2585799757478995	0	0	6	5	0	1	3	6	5	1	0	8	0	2	0	6	1	0	0	0	True
61	1.6507537315674294	0	0	0	6	0	20	0	0	7	0	0	5	0	3	2	0	0	0	0	1	True
62	1.0633287403972533	0	0	0	0	0	10	0	0	2	0	2	1	0	0	29	0	0	1	0	0	False
63	1.414547403702692	3	0	0	0	20	0	0	4	0	13	0	0	0	0	0	0	0	1	0	4	False
64	1.850965893002256	1	0	0	8	0	1	0	1	2	0	1	3	0	1	1	13	13	0	0	0	False
65	1.514748424583805	24	0	0	0	2	1	0	1	0	4	1	0	0	0	0	3	0	8	1	0	False
66	2.2558159385505827	1	0	1	6	4	1	0	2	1	2	1	4	0	6	0	5	11	0	0	0	False
67	1.468237478471401	0	0	0	0	16	0	0	4	0	18	0	1	1	0	0	0	1	1	0	3	False
68	2.260630376297189	1	0	8	1	0	3	0	3	3	1	0	13	1	4	2	2	2	1	0	0	False
69	1.4334717471558795	3	0	1	5	0	0	0	2	25	0	0	0	0	0	5	0	4	0	0	0	False
70	1.9101254100199099	7	0	5	2	1	1	0	0	7	0	0	1	0	1	0	15	5	0	0	0	False
71	2.263550364691868	6	0	3	8	0	1	0	0	7	1	0	0	0	3	6	4	4	1	0	0	True
72	1.7870319295900425	0	0	0	0	1	3	0	0	19	1	0	0	0	4	2	4	7	0	0	0	True
73	1.722456295944371	0	0	2	0	0	0	5	0	0	1	0	2	0	5	1	20	0	0	0	7	True
74	1.2887554182694236	1	0	0	0	15	1	0	2	0	3	0	0	0	0	0	22	0	1	0	0	False
75	1.756869922381537	0	0	0	0	2	0	8	1	0	2	0	4	1	0	0	19	5	0	0	3	False
76	0.2873643046809562	0	0	0	0	2	0	0	1	0	42	0	0	0	0	0	0	0	0	0	0	False
77	2.317429021267023	0	0	0	3	1	0	11	2	4	6	0	2	0	1	4	1	3	2	0	5	False
78	0.9082373541912949	0	0	0	0	0	0	0	28	11	6	0	0	0	0	0	0	0	0	0	0	False
79	2.1178222408846943	3	0	1	0	0	1	1	0	2	1	1	0	10	1	3	5	14	1	0	1	False
80	1.7434407759870048	17	0	7	3	1	1	1	0	0	0	0	0	1	1	2	11	0	0	0	0	False
81	1.4724578721962773	8	0	0	0	0	0	0	0	0	2	0	0	1	0	0	19	5	10	0	0	False
82	1.2679515098726568	0	0	0	0	0	0	5	1	2	1	0	0	0	30	2	1	2	1	0	0	False
83	1.918567656280619	1	0	0	3	0	0	1	1	0	10	4	0	15	0	0	0	4	4	2	0	False
84	1.751907054470534	3	0	1	5	0	10	0	0	2	0	0	0	0	0	3	18	2	1	0	0	False
85	0.318170846039176	0	0	42	0	0	0	1	0	0	1	0	0	0	0	0	0	0	0	0	1	False
86	1.0004265893813857	7	0	0	0	0	0	0	0	0	0	0	0	0	0	0	29	7	2	0	0	False
87	0.39267446722755217	39	0	0	0	0	6	0	0	0	0	0	0	0	0	0	0	0	0	0	0	False
88	1.7436691860192377	0	0	0	5	0	0	0	4	0	2	4	0	0	0	0	4	12	14	0	0	False
89	0.0	0	0	0	0	0	0	0	0	0	0	0	0	0	0	0	0	0	0	0	45	False
90	1.098742289170449	0	0	0	0	25	0	0	2	0	11	0	0	0	0	0	0	0	0	0	7	False
91	0.0	0	45	0	0	0	0	0	0	0	0	0	0	0	0	0	0	0	0	0	0	False
