#pos	entropy	A	C	D	E	F	G	H	I	K	L	M	N	P	Q	R	S	T	V	W	Y	gapped
0	1.6754587903950608	1	0	16	11	0	8	0	1	1	0	0	8	0	0	0	2	0	0	0	0	False
1	0.9595918734123015	36	0	0	1	0	1	0	0	0	0	0	0	1	1	0	1	6	1	0	0	False
2	1.2419400148078048	1	0	2	5	0	33	0	0	1	0	1	0	0	1	1	0	1	2	0	0	False
3	0.45056120886630463	0	0	0	0	0	0	0	8	0	0	0	0	0	0	0	0	0	40	0	0	False
4	1.353399747938282	3	0	0	0	0	0	1	4	0	0	1	0	0	0	0	10	27	1	0	1	False
5	0.0	0	0	0	0	0	0	0	0	0	0	0	0	0	48	0	0	0	0	0	0	False
6	1.341947604247021	1	0	0	0	1	0	1	0	1	0	0	4	0	0	0	20	19	0	1	0	False
7	0.10126481756679193	0	0	0	0	0	0	0	0	0	0	0	0	47	0	0	1	0	0	0	0	False
8	1.2693277170881925	1	0	0	0	0	0	0	0	12	0	0	0	0	0	24	6	5	0	0	0	False
9	1.5069863956977443	0	0	0	0	7	0	19	0	0	0	0	3	0	0	1	1	1	0	1	15	False
10	1.6766499695405068	0	0	1	2	0	0	2	0	14	18	0	0	0	5	4	1	0	1	0	0	False
11	0.7744201529755906	0	0	0	0	1	0	0	21	0	0	0	0	0	0	0	0	0	26	0	0	False
12	1.8463461167894566	2	2	0	0	0	0	0	4	7	8	3	0	0	1	3	0	18	0	0	0	False
13	1.8216751785205267	2	0	0	13	0	5	0	0	15	0	0	0	1	4	2	0	5	1	0	0	False
14	1.8210160077825703	1	0	0	2	1	0	0	1	7	0	8	0	0	0	12	1	14	1	0	0	False
15	0.6016471366995402	0	0	0	0	0	41	0	0	1	0	0	0	0	0	2	1	3	0	0	0	False
16	1.374851652233779	0	0	0	2	0	0	0	0	6	0	0	4	0	28	4	1	3	0	0	0	False
17	2.1903688770125296	1	0	6	5	0	0	0	0	7	0	0	2	4	7	3	10	2	0	0	1	False
18	1.3421257227487469	4	0	0	0	0	0	0	2	4	3	8	0	0	0	0	0	0	27	0	0	False
19	1.3874111323790086	6	0	0	2	1	0	0	1	2	0	1	0	0	0	1	5	29	0	0	0	False
20	0.7103693752924721	0	0	0	0	4	0	0	3	0	39	1	0	0	0	0	0	0	1	0	0	False
21	1.8975020629096053	1	0	0	5	0	0	0	0	5	2	1	0	0	6	20	3	1	0	3	1	False
22	0.0	0	48	0	0	0	0	0	0	0	0	0	0	0	0	0	0	0	0	0	0	False
23	2.2054243238484332	7	0	9	5	0	0	3	0	2	0	0	2	0	2	1	11	3	2	0	1	False
24	1.053831385239575	0	0	0	0	0	0	0	0	0	0	0	0	22	21	0	3	0	1	0	0	True
25	1.8497031522728324	0	0	9	1	0	0	3	20	1	1	1	3	0	1	1	0	6	1	0	0	False
26	1.651357101071469	0	0	2	1	0	1	0	0	3	6	12	0	1	0	0	20	0	0	2	0	False
27	0.30245492674821617	0	0	0	0	1	0	0	0	0	0	0	0	0	0	0	1	1	0	0	0	True
28	1.2852994020786697	0	0	1	1	0	26	0	0	0	0	0	13	0	2	2	3	0	0	0	0	False
29	0.4023605131494849	1	0	1	0	0	0	44	0	0	0	0	1	0	0	0	0	0	1	0	0	False
30	2.2356858558767914	3	0	8	5	0	2	0	0	1	2	0	12	1	0	3	3	5	3	0	0	False
31	1.9256988654774032	7	0	0	0	0	0	1	0	1	0	1	4	0	0	2	8	11	1	0	12	False
32	1.128502304233796	0	0	0	0	1	0	0	0	0	15	22	0	0	0	0	0	0	10	0	0	False
33	0.9191738293819782	0	0	0	0	10	0	0	0	0	0	0	0	0	0	0	8	0	0	0	30	False
34	0.0	0	0	0	0	0	0	0	0	0	0	0	0	0	0	0	0	0	0	48	0	False
35	0.0	0	0	0	0	0	0	0	0	0	0	0	0	0	0	0	0	0	0	0	48	False
36	0.9352543329632201	0	0	0	0	0	0	0	0	4	1	0	0	0	13	30	0	0	0	0	0	False
37	0.10126481756679193	0	0	0	0	0	0	0	0	0	0	0	0	0	47	1	0	0	0	0	0	False
38	2.026165336678511	7	0	17	0	1	1	0	3	2	1	0	1	0	1	0	5	6	3	0	0	False
39	1.2791596283393534	4	0	0	0	0	0	0	0	0	20	4	0	18	0	0	2	0	0	0	0	False
40	0.8909286053705446	0	0	1	1	0	36	0	0	6	0	3	0	0	0	0	1	0	0	0	0	False
41	1.6352735283314055	0	0	0	1	0	0	3	0	5	5	8	1	0	22	3	0	0	0	0	0	False
42	1.0173541384589637	1	0	1	3	1	36	0	0	1	0	0	0	3	0	0	2	0	0	0	0	False
43	0.9757275928979268	0	0	0	0	1	0	0	1	0	30	0	0	14	0	0	1	0	1	0	0	False
44	1.5469275620063079	0	0	0	16	0	0	1	0	7	0	1	0	0	8	14	0	1	0	0	0	False
45	1.013863047760546	0	0	0	0	17	0	0	1	0	27	0	0	0	1	1	0	0	1	0	0	False
46	0.9822815054843264	0	0	0	0	0	0	0	20	0	22	6	0	0	0	0	0	0	0	0	0	False
47	1.9525115432382483	3	0	0	0	10	0	8	9	0	2	0	0	0	0	0	0	5	3	0	8	False
48	1.5513727769452057	0	0	0	1	1	0	2	0	0	0	0	0	0	6	1	4	2	3	1	27	False
49	1.2382015646964009	1	0	0	0	15	0	0	0	0	1	0	0	0	0	0	19	0	0	0	12	False
50	2.019794411774978	3	0	1	1	2	0	0	0	0	0	1	9	0	10	1	2	0	7	0	11	False
51	2.2522238714666534	3	0	4	5	1	10	0	1	2	1	0	12	0	1	1	3	1	0	0	3	False
52	0.1732052067491771	0	0	0	0	0	2	0	0	0	0	0	0	0	0	0	0	0	0	0	0	True
53	1.9669609576934746	6	0	1	17	0	2	0	1	5	0	0	5	0	0	1	2	1	7	0	0	False
54	2.0668869023974623	6	0	2	12	0	11	0	0	5	0	1	4	0	1	0	3	1	2	0	0	False
55	2.4037086606164504	5	0	4	5	1	0	0	6	1	2	1	0	3	9	1	1	5	4	0	0	False
56	2.1306893065841215	1	0	0	0	2	0	0	6	1	3	0	2	2	2	6	3	16	4	0	0	False
57	1.6665844458816856	3	0	24	6	0	3	0	2	0	0	0	5	0	2	0	1	0	0	0	2	False
58	1.4559056282116474	0	0	7	6	0	0	0	0	25	0	0	4	0	1	4	0	0	0	0	0	True
59	1.3128215455276055	1	0	0	2	0	22	0	0	0	0	0	2	0	1	0	18	1	0	0	0	True
60	1.7559433876318498	0	0	5	14	0	14	0	0	0	0	0	6	0	3	1	4	1	0	0	0	False
61	1.6356965730292155	0	0	0	0	6	0	0	6	0	10	6	0	0	0	1	0	1	18	0	0	False
62	0.8470396385078469	1	0	0	1	1	0	0	0	0	2	0	0	38	0	0	4	0	1	0	0	False
63	1.2878203671101898	0	0	1	2	0	0	0	1	7	0	0	3	0	0	0	5	0	0	0	0	True
64	1.3960661113334556	0	0	27	6	0	2	0	0	0	0	0	6	2	1	0	4	0	0	0	0	False
65	1.113264820889353	0	0	0	1	0	15	0	0	2	0	0	2	0	1	27	0	0	0	0	0	False
66	0.8071519201667934	0	0	0	0	31	0	0	0	0	1	0	0	0	0	0	1	0	0	0	15	False
67	1.2191695805908445	0	0	0	0	2	0	0	0	1	2	0	7	1	1	0	32	1	1	0	0	False
68	1.3596193115305053	20	0	0	0	0	4	0	2	0	0	0	0	4	0	0	1	0	17	0	0	False
69	1.6031851682402563	0	0	0	16	0	0	1	0	4	1	0	1	0	2	4	18	0	1	0	0	False
70	1.1854512464722526	0	4	0	0	1	0	1	0	0	0	3	0	0	7	31	1	0	0	0	0	False
71	1.8463461167894568	2	0	0	2	7	0	0	1	1	8	0	0	18	1	0	6	2	0	0	0	False
72	2.0574280133407417	1	0	3	6	0	2	0	0	11	0	0	12	6	1	1	3	2	0	0	0	False
73	2.09935868281183	3	0	3	1	0	11	0	0	7	2	0	6	0	1	1	3	10	0	0	0	False
74	1.9890364286854854	2	0	1	10	0	1	0	0	0	1	0	0	0	2	3	16	4	3	0	5	False
75	2.39374530620656	0	0	10	1	5	0	6	2	1	3	0	5	2	1	2	5	0	4	0	1	False
76	1.1688160580200468	1	2	0	0	17	0	0	0	0	5	0	0	0	0	0	23	0	0	0	0	False
77	1.7936741625534882	0	0	0	7	3	0	0	2	0	3	0	2	10	0	0	4	17	0	0	0	False
78	0.10126481756679193	0	0	0	0	0	0	0	0	0	47	1	0	0	0	0	0	0	0	0	0	False
79	2.033368120297916	0	0	1	2	0	2	4	2	11	0	0	7	0	0	6	2	11	0	0	0	False
80	1.2098248975262385	0	0	0	0	0	0	0	18	0	19	1	0	0	0	0	1	0	9	0	0	False
81	1.9161782619873353	1	0	0	12	0	0	3	0	1	1	0	5	0	16	2	4	2	1	0	0	False
82	1.6790321159008297	6	0	0	0	0	0	0	0	1	1	0	1	7	1	7	21	3	0	0	0	False
83	1.4922285589977657	20	0	0	0	0	0	0	0	0	12	1	0	2	0	0	3	9	1	0	0	False
84	2.0334756917825687	8	0	0	17	0	1	1	1	3	3	0	0	0	6	1	3	2	2	0	0	False
85	1.4599833400226532	0	0	0	0	0	0	0	0	1	16	0	0	19	6	3	2	1	0	0	0	False
86	1.5774524671973489	0	0	1	12	0	13	0	0	0	0	0	4	0	0	5	13	0	0	0	0	False
87	0.7909853545702895	0	0	32	0	0	0	1	0	0	0	0	0	1	14	0	0	0	0	0	0	False
88	0.6499878819913241	0	0	0	0	0	0	0	0	0	0	0	0	0	0	0	31	17	0	0	0	False
89	0.7923752740991189	30	0	0	0	0	2	0	0	0	0	0	0	0	0	0	16	0	0	0	0	False
90	1.39510820521585	1	0	0	0	3	0	0	1	0	12	7	0	0	1	0	0	0	23	0	0	False
91	0.0	0	0	0	0	0	0	0	0	0	0	0	0	0	0	0	0	0	0	0	48	False
92	0.9231677754626142	0	0	0	0	22	0	0	1	0	23	0	0	0	0	2	0	0	0	0	0	False
93	0.0	0	48	0	0	0	0	0	0	0	0	0	0	0	0	0	0	0	0	0	0	False
