TRBV10-1*01	3	5	7	11	15	20	22	28	33	34	36	75	84	85	86	88	90
TRBV10-2*01	3	5	7	11	15	20	22	28	33	34	36	75	84	85	86	88	90
TRBV10-3*01	3	5	7	11	15	20	22	28	33	34	36	75	84	85	86	88	90
TRBV11-1*01	3	5	7	11	15	20	22	28	33	34	36	76	85	86	87	89	91
TRBV11-2*01	3	5	7	11	15	20	22	28	33	34	36	76	85	86	87	89	91
TRBV11-3*01	3	5	7	11	15	20	22	28	33	34	36	76	85	86	87	89	91
TRBV12-3*01	3	5	7	11	15	20	22	28	33	34	36	76	85	86	87	89	91
TRBV12-4*01	3	5	7	11	15	20	22	28	33	34	36	76	85	86	87	89	91
TRBV12-5*01	3	5	7	11	15	20	22	28	33	34	36	76	85	86	87	89	91
TRBV13*01	3	5	7	11	15	20	22	28	33	34	36	75	84	85	86	88	90
TRBV14*01	3	5	7	11	15	20	22	28	33	34	36	76	85	86	87	89	91
TRBV15*01	3	5	7	11	15	20	22	28	33	34	36	75	84	85	86	88	90
TRBV16*01	3	5	7	11	15	20	22	28	33	34	36	76	85	86	87	89	91
TRBV18*01	3	5	7	11	15	20	22	28	33	34	36	76	85	86	87	89	91
TRBV19*01	3	5	7	11	15	20	22	28	33	34	36	75	84	85	86	88	90
TRBV2*01	3	5	7	11	15	20	22	28	33	34	36	76	85	86	87	89	91
TRBV20-1*01	3	5	7	11	15	20	22	29	34	35	37	78	87	88	89	91	93
TRBV24-1*01	3	5	7	11	15	20	22	28	33	34	36	75	84	85	86	88	90
TRBV25-1*01	3	5	7	11	15	20	22	28	33	34	36	75	84	85	86	88	90
TRBV27*01	3	5	7	11	15	20	22	28	33	34	36	75	84	85	86	88	90
TRBV28*01	3	5	7	11	15	20	22	28	33	34	36	75	84	85	86	88	90
TRBV29-1*01	3	5	7	11	15	20	22	28	33	34	36	77	86	87	88	90	92
TRBV3-1*01	3	5	7	11	15	20	22	28	33	34	36	75	84	85	86	88	90
TRBV30*01	3	5	7	11	15	20	22	29	34	35	37	75	84	85	86	88	90
TRBV4-1*01	3	5	7	11	15	20	22	28	33	34	36	75	84	85	86	88	90
TRBV4-2*01	3	5	7	11	15	20	22	28	33	34	36	75	84	85	86	88	90
TRBV4-3*01	3	5	7	11	15	20	22	28	33	34	36	75	84	85	86	88	90
TRBV5-1*01	3	5	7	11	15	20	22	28	33	34	36	75	84	85	86	88	90
TRBV5-4*01	3	5	7	11	15	20	22	28	33	34	36	75	84	85	86	88	90
TRBV5-5*01	3	5	7	11	15	20	22	28	33	34	36	75	84	85	86	88	90
TRBV5-6*01	3	5	7	11	15	20	22	28	33	34	36	75	84	85	86	88	90
TRBV5-8*01	3	5	7	11	15	20	22	28	33	34	36	75	84	85	86	88	90
TRBV6-1*01	3	5	7	11	15	20	22	28	33	34	36	75	84	85	86	88	90
TRBV6-2*01	3	5	7	11	15	20	22	28	33	34	36	75	84	85	86	88	90
TRBV6-3*01	3	5	7	11	15	20	22	28	33	34	36	75	84	85	86	88	90
TRBV6-4*01	3	5	7	11	15	20	22	28	33	34	36	75	84	85	86	88	90
TRBV6-5*01	3	5	7	11	15	20	22	28	33	34	36	75	84	85	86	88	90
TRBV6-6*01	3	5	7	11	15	20	22	28	33	34	36	75	84	85	86	88	90
TRBV6-8*01	3	5	7	11	15	20	22	28	33	34	36	74	83	84	85	87	89
TRBV6-9*01	3	5	7	11	15	20	22	28	33	34	36	75	84	85	86	88	90
TRBV7-2*01	3	5	7	11	15	20	22	28	33	34	36	76	85	86	87	89	91
TRBV7-3*01	3	5	7	11	15	20	22	28	33	34	36	76	85	86	87	89	91
TRBV7-4*01	3	5	7	11	15	20	22	28	33	34	36	76	85	86	87	89	91
TRBV7-6*01	3	5	7	11	15	20	22	28	33	34	36	76	85	86	87	89	91
TRBV7-7*01	3	5	7	11	15	20	22	28	33	34	36	76	85	86	87	89	91
TRBV7-8*01	3	5	7	11	15	20	22	28	33	34	36	76	85	86	87	89	91
TRBV7-9*01	3	5	7	11	15	20	22	28	33	34	36	76	85	86	87	89	91
TRBV9*01	3	5	7	11	15	20	22	28	33	34	36	75	84	85	86	88	90
