TRBV1*01	3	5	7	15	20	22	29	34	35	37	43	65	75	86	88	89	90
TRBV12-1*01	3	5	7	15	20	22	28	33	34	36	42	63	75	86	88	89	90
TRBV12-2*01	3	5	7	15	20	22	28	33	34	36	42	63	75	86	88	89	90
TRBV13-1*01	3	5	7	15	20	22	28	33	34	36	42	63	75	86	88	89	90
TRBV13-2*01	3	5	7	15	20	22	28	33	34	36	42	63	75	86	88	89	90
TRBV13-3*01	3	5	7	15	20	22	28	33	34	36	42	63	75	86	88	89	90
TRBV14*01	3	5	7	15	20	22	28	33	34	36	42	64	76	87	89	90	91
TRBV15*01	3	5	7	15	20	22	28	33	34	36	42	64	76	87	89	90	91
TRBV16*01	3	5	7	15	20	22	28	33	34	36	42	64	76	87	89	90	91
TRBV17*01	3	5	7	15	20	22	28	33	34	36	42	63	75	86	88	89	90
TRBV19*01	3	5	7	15	20	22	28	33	34	36	42	63	75	86	88	89	90
TRBV2*01	3	5	7	15	20	22	28	33	34	36	42	63	75	86	88	89	90
TRBV20*01	3	5	7	15	20	22	29	34	35	37	43	66	78	89	91	92	93
TRBV23*01	3	5	7	15	20	22	28	33	34	36	42	64	76	87	89	90	91
TRBV24*01	3	5	7	15	20	22	28	33	34	36	42	64	76	87	89	90	91
TRBV26*01	3	5	7	15	20	22	28	33	34	36	42	64	76	87	89	90	91
TRBV29*01	3	5	7	15	20	22	28	33	34	36	42	63	75	86	88	89	90
TRBV3*01	3	5	7	15	20	22	28	33	34	36	42	64	76	87	89	90	91
TRBV30*01	3	5	7	15	20	22	28	33	34	36	42	65	77	88	90	91	92
TRBV31*01	3	5	7	15	20	22	29	34	35	37	43	63	75	86	88	89	90
TRBV4*01	3	5	7	15	20	22	28	33	34	36	42	63	75	86	88	89	90
TRBV5*01	3	5	7	14	19	21	27	32	33	35	41	62	74	85	87	88	89
