#pos	entropy	A	C	D	E	F	G	H	I	K	L	M	N	P	Q	R	S	T	V	W	Y	gapped
0	1.7717217693063794	1	0	6	5	0	3	0	0	0	0	0	4	0	0	0	1	0	2	0	0	False
1	1.7273001866478723	9	0	0	0	0	1	0	0	0	0	1	0	2	1	0	3	4	1	0	0	False
2	1.6579939457749724	5	0	0	0	0	6	0	1	5	3	0	0	0	0	0	0	2	0	0	0	False
3	0.7595473914748635	0	0	0	0	0	0	0	4	0	2	0	0	0	0	0	0	0	16	0	0	False
4	1.7685753388953813	0	0	0	1	1	0	1	3	1	1	0	0	0	0	0	0	10	2	0	2	False
5	0.0	0	0	0	0	0	0	0	0	0	0	0	0	0	22	0	0	0	0	0	0	False
6	1.7704034040001457	0	0	0	0	0	0	0	1	3	0	1	2	0	0	0	7	6	0	1	1	False
7	0.0	0	0	0	0	0	0	0	0	0	0	0	0	22	0	0	0	0	0	0	0	False
8	0.9485875316275759	0	0	0	0	0	0	0	0	2	0	0	2	0	0	16	1	0	1	0	0	False
9	1.666332585328325	1	0	0	0	1	0	4	0	0	0	0	2	0	0	2	1	0	0	1	10	False
10	1.9800811202766129	1	0	1	2	0	0	1	2	5	7	0	0	0	1	1	0	1	0	0	0	False
11	0.9347698978582792	0	0	0	0	0	0	0	10	0	2	0	0	0	0	0	0	0	10	0	0	False
12	1.8302703536400522	5	2	0	0	0	1	0	1	7	2	0	0	0	0	0	0	3	1	0	0	False
13	2.2243004996270583	1	0	1	3	0	3	0	0	1	0	1	0	1	4	2	0	0	4	0	0	True
14	2.0114763529395936	0	0	0	2	0	1	0	0	6	0	2	0	0	1	1	2	4	3	0	0	False
15	0.18490739916777568	0	0	0	0	0	21	0	0	0	0	0	0	0	0	1	0	0	0	0	0	False
16	1.7510841931826249	1	0	0	2	0	4	0	0	1	0	0	1	0	9	0	2	2	0	0	0	False
17	2.0713433025795	2	0	0	4	0	0	0	0	5	0	1	3	2	0	2	2	1	0	0	0	False
18	1.6642868065969685	4	0	0	0	0	0	0	1	2	3	1	0	0	0	0	2	0	9	0	0	False
19	2.0744897329904974	0	0	0	1	0	0	1	3	2	1	0	2	0	0	1	4	6	1	0	0	False
20	0.9295776887159249	0	0	0	0	2	0	0	1	0	15	4	0	0	0	0	0	0	0	0	0	False
21	2.185071126110906	0	0	0	3	0	1	0	2	4	0	0	2	0	1	2	4	1	0	2	0	False
22	0.0	0	22	0	0	0	0	0	0	0	0	0	0	0	0	0	0	0	0	0	0	False
23	2.2841674492669646	0	0	2	4	0	1	1	5	1	0	0	1	0	2	1	2	1	1	0	0	False
24	1.2302998736686868	2	0	0	0	0	0	0	1	0	1	0	0	9	9	0	0	0	0	0	0	False
25	2.0475592960447475	0	0	2	3	0	0	1	4	2	0	0	1	0	0	0	0	5	3	0	1	False
26	1.9246789663539374	0	0	0	0	1	2	0	0	3	3	2	4	0	0	0	6	0	0	0	0	True
27	1.2742599530204912	0	0	0	0	1	11	0	0	1	0	0	5	0	0	0	4	0	0	0	0	False
28	0.5763820666248933	0	0	0	0	0	0	0	0	0	0	0	0	0	3	0	1	0	0	0	0	True
29	0.7261928332614538	1	0	0	0	0	0	18	0	0	0	0	0	0	0	0	1	0	1	0	1	False
30	1.9338314725133412	0	0	5	1	0	0	0	0	0	2	0	5	3	0	0	2	3	1	0	0	False
31	1.910047465978589	5	0	1	0	0	0	0	0	0	0	0	3	0	0	0	3	5	1	1	3	False
32	1.1906089968458329	0	0	0	0	2	0	0	0	0	3	11	0	0	0	0	0	0	6	0	0	False
33	1.1465958365269353	2	0	0	0	5	0	0	0	0	0	0	0	0	0	0	1	0	1	0	13	False
34	0.0	0	0	0	0	0	0	0	0	0	0	0	0	0	0	0	0	0	0	22	0	False
35	0.0	0	0	0	0	0	0	0	0	0	0	0	0	0	0	0	0	0	0	0	22	False
36	1.1435024870830306	0	0	0	0	0	0	0	0	3	0	0	0	0	9	9	0	0	0	1	0	False
37	0.18490739916777568	0	0	0	0	0	0	0	0	1	0	0	0	0	21	0	0	0	0	0	0	False
38	1.943998177171458	1	0	7	0	1	0	0	1	2	0	0	2	1	0	0	3	4	0	0	0	False
39	2.0982737395252498	2	0	0	0	0	0	0	1	2	3	0	0	3	4	1	2	4	0	0	0	False
40	1.853326946749681	0	0	1	2	0	9	0	1	3	0	0	2	0	2	0	1	0	1	0	0	False
41	1.428910565500057	0	0	0	0	0	1	3	0	8	1	0	1	0	8	0	0	0	0	0	0	False
42	1.7800604088597314	1	0	0	5	0	8	0	0	0	1	0	0	2	2	0	1	2	0	0	0	False
43	0.8617901450419195	0	0	0	0	2	0	0	0	0	16	1	0	3	0	0	0	0	0	0	0	False
44	1.6096120660994169	0	0	0	6	0	0	0	0	6	0	1	0	0	4	4	0	1	0	0	0	False
45	1.1359342563482813	0	0	0	0	8	0	0	1	0	11	0	0	0	1	0	0	0	0	1	0	False
46	1.151379623329681	0	0	0	0	1	0	0	6	0	11	4	0	0	0	0	0	0	0	0	0	False
47	2.0206288590989976	2	0	0	0	5	0	3	5	0	1	0	0	0	0	0	1	1	2	0	2	False
48	1.7903135666987766	0	0	0	0	1	0	0	1	0	2	0	2	0	2	0	3	2	0	0	9	False
49	1.5376690946140505	1	0	0	0	7	0	2	0	0	1	0	0	0	0	0	7	0	0	0	4	False
50	1.693263022274075	0	0	0	0	0	0	0	2	0	0	0	3	0	2	5	1	1	0	0	8	False
51	2.035260359474346	0	0	4	2	0	2	0	0	0	1	0	6	0	0	0	2	2	2	0	1	False
52	1.9246789663539374	3	0	0	3	0	2	0	0	6	0	0	1	1	4	0	0	0	2	0	0	False
53	2.287313879677962	2	0	2	2	0	4	0	1	2	0	1	1	0	3	0	3	0	1	0	0	False
54	2.1498020496118033	1	0	2	3	0	0	0	1	0	5	0	1	2	1	0	3	0	3	0	0	False
55	0.3676494774001422	1	0	0	0	0	0	0	1	0	0	0	0	0	0	0	0	0	0	0	0	True
56	1.996030985958194	0	0	0	0	0	0	0	4	2	4	4	2	0	0	2	0	3	1	0	0	False
57	1.8378815797682808	0	0	6	6	0	0	0	0	0	0	0	0	0	2	3	1	0	1	0	2	True
58	1.8854495928377852	0	0	2	4	0	0	0	1	6	0	0	4	0	3	0	0	0	1	0	0	True
59	1.5770279167046102	0	0	0	1	0	1	0	2	1	0	0	0	0	1	0	4	1	0	0	0	True
60	1.705561958844477	1	0	3	2	0	10	0	0	1	0	0	1	0	2	0	2	0	0	0	0	False
61	1.900894959819185	1	0	6	0	3	0	0	0	0	4	3	1	0	0	0	0	3	1	0	0	False
62	1.8378815797682808	1	0	0	0	2	0	0	3	0	3	0	0	3	0	0	0	4	6	0	0	False
63	1.633396072634169	0	0	0	1	1	1	0	0	6	0	0	0	8	2	0	3	0	0	0	0	False
64	1.7042435935382443	1	0	7	5	0	0	0	0	3	1	0	0	0	0	1	4	0	0	0	0	False
65	1.3765027065875475	0	0	1	0	0	5	0	0	3	0	0	1	0	1	11	0	0	0	0	0	False
66	0.7559829155446122	0	0	0	0	15	0	0	0	0	1	0	0	0	0	0	0	0	0	0	6	False
67	1.666332585328325	0	0	1	0	0	0	0	1	4	1	0	0	2	2	1	10	0	0	0	0	False
68	1.2707611593101438	12	0	0	0	0	0	0	2	0	0	0	0	3	0	0	1	0	4	0	0	False
69	1.5910202687070192	0	0	0	4	0	0	0	0	1	0	0	0	0	5	0	8	2	2	0	0	False
70	1.4510011566028018	0	4	0	0	0	0	1	0	0	0	2	0	0	2	11	2	0	0	0	0	False
71	1.5228146795137605	0	0	0	1	2	0	0	0	1	1	0	0	12	0	0	3	1	1	0	0	False
72	1.5649036983673206	0	0	5	0	0	0	0	0	5	0	0	5	0	0	0	5	2	0	0	0	False
73	2.0114763529395936	0	0	4	0	0	2	0	0	3	2	0	3	0	4	1	3	0	0	0	0	False
74	1.5795351987426691	1	0	1	4	0	0	0	0	0	0	0	1	0	0	0	10	3	0	0	2	False
75	2.200516493092306	0	0	1	1	4	0	6	0	1	1	0	3	1	1	1	1	0	0	0	1	False
76	1.4508717080283944	0	4	0	0	7	0	0	0	0	3	0	0	0	0	0	7	0	0	0	0	True
77	1.8430737889106357	0	0	1	2	1	0	0	2	0	1	0	1	0	0	0	8	5	0	0	0	True
78	0.39830711380528416	0	0	0	0	0	0	0	0	0	19	3	0	0	0	0	0	0	0	0	0	False
79	2.350327259728866	0	0	0	2	0	1	1	3	4	1	0	2	0	1	2	1	3	0	0	1	False
80	1.3134893265366434	0	0	0	0	0	0	0	11	0	5	2	0	0	0	0	0	1	3	0	0	False
81	2.074489732990498	0	0	1	4	0	1	0	0	1	2	0	1	0	6	1	3	2	0	0	0	False
82	1.8069908458054815	4	0	0	0	0	0	0	0	1	3	0	2	2	0	0	8	1	1	0	0	False
83	1.5165218186917646	10	1	0	0	0	0	0	0	0	4	0	0	0	0	0	2	3	2	0	0	False
84	2.196051697375075	1	0	1	7	0	1	0	0	3	1	0	1	0	2	1	2	1	0	0	1	False
85	1.6527152834516903	2	0	0	1	0	0	0	0	1	7	1	0	8	1	0	0	1	0	0	0	False
86	1.693263022274075	0	0	2	8	0	3	0	0	1	0	0	2	0	1	0	5	0	0	0	0	False
87	1.0458609907772194	0	0	14	1	0	0	1	0	0	0	0	0	0	5	0	0	0	0	0	1	False
88	1.0458609907772194	0	0	0	0	0	1	0	0	0	0	1	0	0	0	1	14	5	0	0	0	False
89	0.9295776887159248	15	0	0	0	0	2	0	0	0	0	0	0	0	0	1	4	0	0	0	0	False
90	1.4658073752112624	0	0	0	0	1	0	0	1	0	5	2	0	0	0	0	0	3	10	0	0	False
91	0.3676494774001422	0	0	0	0	1	0	0	0	0	1	0	0	0	0	0	0	0	0	0	20	False
92	0.8454652292345644	0	0	0	0	10	0	0	0	0	11	0	0	0	0	0	0	0	0	0	1	False
93	0.0	0	22	0	0	0	0	0	0	0	0	0	0	0	0	0	0	0	0	0	0	False
